150	1997
151	2007
152	2013
153	2014
154	2019
155	2021
156	2028
157	2039
158	2048
159	2063
160	2075
161	2080
162	2086
163	2088
164	2095
165	2111
166	2129
167	2154
168	2177
169	2186
170	2200
171	2219
172	2237
173	2254
174	2258
175	2258
176	2242
177	2194
178	2130
179	2077
180	2048
181	2024
182	2000
183	1984
184	1977
185	1977
186	1981
187	1984
188	1985
189	1995
190	2003
191	2009
192	2019
193	2019
194	2018
195	2027
196	2028
197	2029
198	2031
199	2034
200	2041
201	2037
202	2038
203	2044
204	2050
205	2048
206	2042
207	2040
208	2046
209	2044
210	2030
211	2030
212	2035
213	2040
214	2041
215	2043
216	2051
217	2055
218	2056
219	2051
220	2046
221	2046
222	2052
223	2060
224	2059
225	2054
226	2048
227	2047
228	2052
229	2059
230	2057
231	2053
232	2056
233	2060
234	2068
235	2077
236	2095
237	2110
238	2104
239	2087
240	2079
241	2073
242	2066
243	2059
244	2052
245	2050
246	2050
247	2053
248	2046
249	2044
250	2052
251	2048
252	1980
253	1900
254	1990
255	2377
256	3007
257	3175
258	2530
259	1939
260	1878
261	1975
262	1993
263	1992
264	1997
265	1998
266	2000
267	2007
268	2014
269	2018
270	2026
271	2035
272	2038
273	2052
274	2064
275	2066
276	2081
277	2099
278	2102
279	2107
280	2111
281	2121
282	2139
283	2158
284	2173
285	2188
286	2206
287	2232
288	2263
289	2277
290	2287
291	2299
292	2310
293	2319
294	2318
295	2297
296	2248
297	2188
298	2131
299	2085
300	2054
301	2034
302	2021
303	2013
304	2012
305	2019
306	2023
307	2026
308	2032
309	2036
310	2042
311	2052
312	2049
313	2043
314	2044
315	2043
316	2039
317	2040
318	2045
319	2047
320	2038
321	2031
322	2033
323	2033
324	2038
325	2045
326	2046
327	2053
328	2062
329	2055
330	2048
331	2045
332	2047
333	2051
334	2056
335	2061
336	2058
337	2051
338	2052
339	2052
340	2052
341	2054
342	2053
343	2050
344	2055
345	2055
346	2043
347	2040
348	2041
349	2038
350	2046
351	2060
352	2059
353	2068
354	2083
355	2080
356	2068
357	2063
358	2053
359	2036
360	2025
361	2017
362	2011
363	2009
364	2007
365	2003
366	2007
367	2010
368	1998
369	1925
370	1835
371	1924
372	2349
373	3028
374	3182
375	2502
376	1946
377	1906
378	1965
379	1964
380	1956
381	1956
382	1954
383	1960
384	1966
385	1975
386	1981
387	1984
388	1979
389	1987
390	2004
391	2019
392	2032
393	2039
394	2050
395	2061
396	2073
397	2091
398	2103
399	2115
400	2137
401	2163
402	2177
403	2187
404	2207
405	2224
406	2236
407	2256
408	2280
409	2303
410	2322
411	2315
412	2293
413	2259
414	2206
415	2157
416	2115
417	2086
418	2070
419	2052
420	2037
421	2034
422	2040
423	2050
424	2048
425	2041
426	2046
427	2054
428	2050
429	2049
430	2051
431	2054
432	2048
433	2045
434	2041
435	2036
436	2042
437	2047
438	2053
439	2055
440	2054
441	2042
442	2038
443	2039
444	2038
445	2046
446	2041
447	2031
448	2023
449	2018
450	2025
451	2031
452	2033
453	2032
454	2029
455	2026
456	2023
457	2029
458	2033
459	2031
460	2038
461	2042
462	2046
463	2043
464	2047
465	2052
466	2050
467	2065
468	2080
469	2086
470	2099
471	2108
472	2106
473	2101
474	2095
475	2088
476	2078
477	2070
478	2069
479	2069
480	2079
481	2074
482	2072
483	2075
484	2065
485	2050
486	1969
487	1871
488	1958
489	2366
490	3056
491	3213
492	2535
493	1979
494	1920
495	1988
496	1994
497	1981
498	1974
499	1972
500	1976
501	1978
502	1982
503	1989
504	1996
505	2007
506	2020
507	2028
508	2036
509	2044
510	2040
511	2036
512	2044
513	2057
514	2064
515	2069
516	2078
517	2091
518	2112
519	2130
520	2137
521	2150
522	2171
523	2187
524	2196
525	2215
526	2232
527	2244
528	2248
529	2231
530	2199
531	2158
532	2108
533	2068
534	2050
535	2027
536	2010
537	2007
538	2015
539	2017
540	2022
541	2031
542	2036
543	2043
544	2039
545	2028
546	2030
547	2046
548	2056
549	2057
550	2051
551	2047
552	2053
553	2050
554	2040
555	2035
556	2035
557	2039
558	2039
559	2043
560	2055
561	2060
562	2058
563	2053
564	2048
565	2044
566	2044
567	2052
568	2057
569	2053
570	2056
571	2053
572	2043
573	2038
574	2044
575	2052
576	2057
577	2052
578	2049
579	2059
580	2058
581	2064
582	2082
583	2085
584	2072
585	2066
586	2061
587	2047
588	2028
589	2019
590	2020
591	2016
592	2013
593	2010
594	2012
595	2019
596	2019
597	1987
598	1902
599	1894
600	2171
601	2753
602	3206
603	2823
604	2081
605	1833
606	1904
607	1974
608	1988
609	1991
610	1999
611	2006
612	2009
613	2016
614	2023
615	2023
616	2027
617	2048
618	2048
619	2048
620	2061
621	2071
622	2073
623	2076
624	2082
625	2086
626	2094
627	2100
628	2110
629	2123
630	2136
631	2148
632	2169
633	2181
634	2200
635	2219
636	2223
637	2232
638	2242
639	2257
640	2248
641	2219
642	2174
643	2140
644	2101
645	2071
646	2043
647	2017
648	2004
649	2007
650	2016
651	2012
652	2002
653	2006
654	2015
655	2018
656	2021
657	2016
658	2005
659	2015
660	2035
661	2035
662	2026
663	2020
664	2019
665	2024
666	2028
667	2022
668	2025
669	2026
670	2021
671	2028
672	2029
673	2027
674	2020
675	2023
676	2041
677	2048
678	2048
679	2048
680	2055
681	2064
682	2065
683	2066
684	2067
685	2076
686	2091
687	2096
688	2087
689	2107
690	2125
691	2109
692	2098
693	2094
694	2079
695	2068
696	2059
697	2051
698	2051
699	2051
700	2055
701	2059
702	2055
703	2053
704	2052
705	2022
706	1933
707	1901
708	2118
709	2627
710	3118
711	2863
712	2136
713	1827
714	1882
715	1965
716	1972
717	1967
718	1977
719	1986
720	1993
721	2005
722	2015
723	2020
724	2022
725	2025
726	2028
727	2035
728	2041
729	2046
730	2051
731	2056
732	2062
733	2074
734	2081
735	2088
736	2103
737	2113
738	2118
739	2131
740	2152
741	2165
742	2172
743	2181
744	2199
745	2219
746	2228
747	2229
748	2221
749	2195
750	2156
751	2114
752	2074
753	2044
754	2018
755	1997
756	1992
757	1995
758	2002
759	2013
760	2017
761	2020
762	2030
763	2034
764	2036
765	2046
766	2048
767	2043
768	2048
769	2055
770	2056
771	2060
772	2065
773	2061
774	2058
775	2063
776	2069
777	2068
778	2065
779	2063
780	2067
781	2078
782	2075
783	2062
784	2046
785	2051
786	2060
787	2059
788	2055
789	2045
790	2045
791	2040
792	2027
793	2033
794	2043
795	2048
796	2061
797	2076
798	2074
799	2057
800	2048
801	2045
802	2032
803	2034
804	2039
805	2038
806	2035
807	2037
808	2043
809	2041
810	2044
811	2037
812	1954
813	1887
814	2022
815	2448
816	3046
817	3049
818	2348
819	1874
820	1866
821	1953
822	1980
823	1986
824	1986
825	1986
826	1990
827	1993
828	2002
829	2015
830	2017
831	2014
832	2020
833	2033
834	2046
835	2053
836	2064
837	2069
838	2073
839	2084
840	2097
841	2113
842	2129
843	2140
844	2151
845	2172
846	2184
847	2195
848	2213
849	2228
850	2239
851	2251
852	2256
853	2273
854	2278
855	2254
856	2215
857	2164
858	2120
859	2087
860	2064
861	2049
862	2035
863	2023
864	2016
865	2025
866	2029
867	2026
868	2032
869	2032
870	2027
871	2030
872	2034
873	2038
874	2042
875	2039
876	2036
877	2047
878	2048
879	2043
880	2043
881	2044
882	2047
883	2048
884	2046
885	2054
886	2054
887	2044
888	2042
889	2040
890	2043
891	2051
892	2057
893	2051
894	2048
895	2050
896	2050
897	2058
898	2057
899	2060
900	2077
901	2085
902	2078
903	2090
904	2109
905	2098
906	2084
907	2083
908	2071
909	2053
910	2046
911	2043
912	2038
913	2030
914	2026
915	2023
916	2022
917	2017
918	1970
919	1872
920	1849
921	2099
922	2674
923	3172
924	2846
925	2088
926	1827
927	1901
928	1957
929	1951
930	1939
931	1943
932	1964
933	1981
934	1996
935	2016
936	2027
937	2027
938	2036
939	2048
940	2060
941	2069
942	2087
943	2096
944	2099
945	2098
946	2098
947	2104
948	2121
949	2140
950	2147
951	2158
952	2171
953	2192
954	2210
955	2226
956	2239
957	2247
958	2256
959	2268
960	2267
961	2251
962	2219
963	2171
964	2119
965	2070
966	2032
967	2013
968	2002
969	1997
970	1997
971	1996
972	2004
973	2014
974	2021
975	2027
976	2028
977	2029
978	2036
979	2036
980	2033
981	2033
982	2037
983	2046
984	2050
985	2049
986	2047
987	2053
988	2059
989	2054
990	2053
991	2055
992	2053
993	2056
994	2060
995	2053
996	2042
997	2040
998	2036
999	2035
1000	2038
1001	2036
1002	2032
1003	2036
1004	2047
1005	2054
1006	2066
1007	2073
1008	2073
1009	2089
1010	2098
1011	2092
1012	2092
1013	2077
1014	2057
1015	2054
1016	2041
1017	2032
1018	2030
1019	2023
1020	2023
1021	2026
1022	2017
1023	2000
1024	1928
1025	1860
1026	1999
1027	2439
1028	3049
1029	3067
1030	2359
1031	1870
1032	1857
1033	1950
1034	1976
1035	1982
1036	1994
1037	2005
1038	2010
1039	2013
1040	2024
1041	2034
1042	2043
1043	2053
1044	2063
1045	2076
1046	2081
1047	2082
1048	2093
1049	2105
1050	2118
1051	2128
1052	2139
1053	2148
1054	2153
1055	2161
1056	2171
1057	2179
1058	2192
1059	2210
1060	2221
1061	2222
1062	2231
1063	2249
1064	2258
1065	2258
1066	2248
1067	2217
1068	2171
1069	2123
1070	2083
1071	2051
1072	2026
1073	2018
1074	2017
1075	2013
1076	2017
1077	2023
1078	2025
1079	2025
1080	2029
1081	2034
1082	2039
1083	2045
1084	2048
1085	2046
1086	2046
1087	2050
1088	2049
1089	2046
1090	2041
1091	2041
1092	2046
1093	2047
1094	2047
1095	2044
1096	2042
1097	2045
1098	2047
1099	2044
1100	2044
1101	2041
1102	2038
1103	2048
1104	2053
1105	2042
1106	2040
1107	2049
1108	2056
1109	2072
1110	2083
1111	2086
1112	2099
1113	2106
1114	2097
1115	2088
1116	2078
1117	2066
1118	2060
1119	2054
1120	2048
1121	2043
1122	2047
1123	2051
1124	2042
1125	2039
1126	2042
1127	1988
1128	1903
1129	1959
1130	2290
1131	2866
1132	3111
1133	2552
1134	1915
1135	1818
1136	1933
1137	1987
1138	1992
1139	1990
1140	1990
1141	1990
1142	2000
1143	2017
1144	2025
1145	2026
1146	2028
1147	2039
1148	2046
1149	2050
1150	2059
1151	2065
1152	2073
1153	2083
1154	2087
1155	2096
1156	2111
1157	2123
1158	2134
1159	2142
1160	2151
1161	2162
1162	2182
1163	2200
1164	2207
1165	2224
1166	2237
1167	2248
1168	2260
1169	2244
1170	2207
1171	2167
1172	2117
1173	2077
1174	2045
1175	2016
1176	2004
1177	1998
1178	1999
1179	2004
1180	2002
1181	2004
1182	2011
1183	2021
1184	2028
1185	2032
1186	2039
1187	2043
1188	2044
1189	2048
1190	2050
1191	2050
1192	2051
1193	2054
1194	2057
1195	2061
1196	2059
1197	2047
1198	2051
1199	2055
1200	2052
1201	2054
1202	2048
1203	2046
1204	2044
1205	2043
1206	2047
1207	2048
1208	2037
1209	2033
1210	2041
1211	2048
1212	2056
1213	2060
1214	2070
1215	2076
1216	2078
1217	2082
1218	2068
1219	2066
1220	2063
1221	2041
1222	2028
1223	2030
1224	2029
1225	2026
1226	2023
1227	2022
1228	2027
1229	2032
1230	2034
1231	1976
1232	1884
1233	1935
1234	2276
1235	2888
1236	3142
1237	2568
1238	1942
1239	1852
1240	1958
1241	1996
1242	1993
1243	1991
1244	2002
1245	2013
1246	2016
1247	2025
1248	2029
1249	2029
1250	2039
1251	2051
1252	2068
1253	2068
1254	2067
1255	2076
1256	2087
1257	2100
1258	2110
1259	2125
1260	2133
1261	2139
1262	2155
1263	2166
1264	2169
1265	2183
1266	2200
1267	2228
1268	2246
1269	2256
1270	2267
1271	2282
1272	2288
1273	2274
1274	2245
1275	2199
1276	2142
1277	2096
1278	2066
1279	2045
1280	2037
1281	1980
1282	1964
1283	2024
1284	2034
1285	2038
1286	2045
1287	2046
1288	2048
1289	2050
1290	2046
1291	2043
1292	2044
1293	2037
1294	2032
1295	2034
1296	2035
1297	2035
1298	2036
1299	2044
1300	2045
1301	2042
1302	2045
1303	2047
1304	2047
1305	2046
1306	2045
1307	2043
1308	2043
1309	2040
1310	2043
1311	2050
1312	2050
1313	2049
1314	2046
1315	2044
1316	2044
1317	2045
1318	2048
1319	2057
1320	2070
1321	2079
1322	2093
1323	2105
1324	2101
1325	2087
1326	2085
1327	2081
1328	2067
1329	2063
1330	2066
1331	2066
1332	2066
1333	2062
1334	2058
1335	2058
1336	2058
1337	2041
1338	1958
1339	1864
1340	1970
1341	2404
1342	3028
1343	3071
1344	2377
1345	1895
1346	1888
1347	1965
1348	1974
1349	1968
1350	1969
1351	1970
1352	1971
1353	1974
1354	1971
1355	1969
1356	1967
1357	1978
1358	1991
1359	1994
1360	2001
1361	2011
1362	2026
1363	2039
1364	2056
1365	2063
1366	2073
1367	2090
1368	2104
1369	2117
1370	2135
1371	2156
1372	2175
1373	2187
1374	2202
1375	2221
1376	2239
1377	2258
1378	2264
1379	2265
1380	2251
1381	2215
1382	2170
1383	2123
1384	2078
1385	2046
1386	2027
1387	2019
1388	2015
1389	2009
1390	2008
1391	2012
1392	2015
1393	2018
1394	2013
1395	2019
1396	2028
1397	2030
1398	2035
1399	2037
1400	2040
1401	2041
1402	2036
1403	2039
1404	2041
1405	2040
1406	2035
1407	2036
1408	2049
1409	2052
1410	2047
1411	2045
1412	2046
1413	2041
1414	2044
1415	2052
1416	2056
1417	2056
1418	2054
1419	2060
1420	2059
1421	2057
1422	2061
1423	2054
1424	2055
1425	2062
1426	2069
1427	2079
1428	2086
1429	2090
1430	2106
1431	2114
1432	2097
1433	2087
1434	2077
1435	2067
1436	2055
1437	2040
1438	2036
1439	2041
1440	2042
1441	2043
1442	2044
1443	2046
1444	2045
1445	2012
1446	1921
1447	1863
1448	2061
1449	2599
1450	3169
1451	2977
1452	2240
1453	1925
1454	1962
1455	1995
1456	1991
1457	1989
1458	1984
1459	1984
1460	1994
1461	2000
1462	2002
1463	2008
1464	2013
1465	2014
1466	2018
1467	2026
1468	2041
1469	2054
1470	2059
1471	2058
1472	2060
1473	2071
1474	2090
1475	2101
1476	2113
1477	2121
1478	2137
1479	2164
1480	2181
1481	2190
1482	2190
1483	2201
1484	2224
1485	2242
1486	2249
1487	2244
1488	2224
1489	2182
1490	2139
1491	2098
1492	2050
1493	2014
1494	1996
1495	1983
1496	1976
1497	1981
1498	1981
1499	1981
1500	1981
1501	1980
1502	1986
1503	1992
1504	1990
1505	1992
1506	1996
1507	1995
1508	1996
1509	2005
1510	2011
1511	2015
1512	2018
1513	2025
1514	2028
1515	2022
1516	2021
1517	2023
1518	2025
1519	2021
1520	2025
1521	2035
1522	2041
1523	2044
1524	2038
1525	2043
1526	2057
1527	2068
1528	2073
1529	2071
1530	2067
1531	2069
1532	2069
1533	2071
1534	2078
1535	2086
1536	2091
1537	2102
1538	2116
1539	2108
1540	2092
1541	2078
1542	2063
1543	2054
1544	2045
1545	2042
1546	2048
1547	2052
1548	2044
1549	2039
1550	2042
1551	2049
1552	2035
1553	1965
1554	1920
1555	2100
1556	2580
1557	3117
1558	2936
1559	2183
1560	1826
1561	1885
1562	1966
1563	1978
1564	1989
1565	2001
1566	2007
1567	2010
1568	2018
1569	2024
1570	2033
1571	2042
1572	2041
1573	2047
1574	2058
1575	2067
1576	2072
1577	2079
1578	2093
1579	2100
1580	2108
1581	2127
1582	2138
1583	2147
1584	2150
1585	2155
1586	2176
1587	2199
1588	2210
1589	2222
1590	2239
1591	2255
1592	2265
1593	2271
1594	2272
1595	2254
1596	2217
1597	2177
1598	2138
1599	2099
1600	2064
1601	2045
1602	2036
1603	2030
1604	2024
1605	2019
1606	2019
1607	2024
1608	2037
1609	2041
1610	2039
1611	2048
1612	2048
1613	2048
1614	2058
1615	2054
1616	2046
1617	2047
1618	2049
1619	2049
1620	2048
1621	2048
1622	2041
1623	2035
1624	2049
1625	2050
1626	2048
1627	2044
1628	2036
1629	2039
1630	2037
1631	2038
1632	2039
1633	2040
1634	2046
1635	2041
1636	2036
1637	2046
1638	2052
1639	2053
1640	2063
1641	2073
1642	2075
1643	2091
1644	2099
1645	2082
1646	2069
1647	2062
1648	2043
1649	2034
1650	2035
1651	2027
1652	2031
1653	2045
1654	2042
1655	2033
1656	2034
1657	2033
1658	1979
1659	1897
1660	1954
1661	2295
1662	2872
1663	3089
1664	2523
1665	1918
1666	1839
1667	1953
1668	1998
1669	1998
1670	1996
1671	2004
1672	2018
1673	2015
1674	2019
1675	2032
1676	2037
1677	2038
1678	2040
1679	2046
1680	2054
1681	2064
1682	2068
1683	2067
1684	2078
1685	2087
1686	2097
1687	2116
1688	2126
1689	2142
1690	2156
1691	2171
1692	2184
1693	2194
1694	2207
1695	2223
1696	2238
1697	2247
1698	2256
1699	2260
1700	2259
1701	2236
1702	2186
1703	2140
1704	2091
1705	2050
1706	2029
1707	2015
1708	2000
1709	1996
1710	1991
1711	1988
1712	1993
1713	1997
1714	2005
1715	2015
1716	2021
1717	2024
1718	2027
1719	2026
1720	2030
1721	2028
1722	2029
1723	2033
1724	2025
1725	2011
1726	2023
1727	2036
1728	2035
1729	2040
1730	2047
1731	2045
1732	2040
1733	2045
1734	2047
1735	2044
1736	2041
1737	2043
1738	2041
1739	2045
1740	2055
1741	2060
1742	2064
1743	2064
1744	2063
1745	2067
1746	2073
1747	2086
1748	2094
1749	2100
1750	2115
1751	2113
1752	2104
1753	2101
1754	2088
1755	2074
1756	2069
1757	2068
1758	2069
1759	2069
1760	2074
1761	2080
1762	2083
1763	2078
1764	2043
1765	1959
1766	1906
1767	2078
1768	2544
1769	3086
1770	2948
1771	2216
1772	1833
1773	1870
1774	1959
1775	1967
1776	1960
1777	1959
1778	1957
1779	1965
1780	1970
1781	1968
1782	1966
1783	1958
1784	1936
1785	1929
1786	1945
1787	1953
1788	1975
1789	2000
1790	2015
1791	2047
1792	2068
1793	2082
1794	2096
1795	2107
1796	2123
1797	2142
1798	2170
1799	2200
1800	2222
1801	2240
1802	2267
1803	2288
1804	2300
1805	2308
1806	2315
1807	2305
1808	2267
1809	2220
1810	2177
1811	2135
1812	2098
1813	2079
1814	2064
1815	2053
1816	2048
1817	2043
1818	2043
1819	2045
1820	2046
1821	2045
1822	2048
1823	2050
1824	2047
1825	2044
1826	2040
1827	2038
1828	2036
1829	2039
1830	2041
1831	2034
1832	2034
1833	2037
1834	2039
1835	2037
1836	2036
1837	2035
1838	2030
1839	2032
1840	2040
1841	2043
1842	2048
1843	2045
1844	2047
1845	2050
1846	2045
1847	2054
1848	2062
1849	2061
1850	2055
1851	2050
1852	2051
1853	2058
1854	2062
1855	2059
1856	2070
1857	2095
1858	2105
1859	2091
1860	2083
1861	2085
1862	2073
1863	2056
1864	2049
1865	2044
1866	2041
1867	2038
1868	2037
1869	2045
1870	2046
1871	2037
1872	2013
1873	1928
1874	1870
1875	2058
1876	2560
1877	3131
1878	2977
1879	2227
1880	1851
1881	1892
1882	1967
1883	1976
1884	1976
1885	1977
1886	1984
1887	1989
1888	1994
1889	1999
1890	2008
1891	2014
1892	2020
1893	2030
1894	2045
1895	2052
1896	2057
1897	2068
1898	2074
1899	2082
1900	2100
1901	2112
1902	2117
1903	2131
1904	2144
1905	2155
1906	2169
1907	2188
1908	2213
1909	2234
1910	2244
1911	2246
1912	2258
1913	2264
1914	2267
1915	2255
1916	2227
1917	2179
1918	2125
1919	2082
1920	2045
1921	2020
1922	2007
1923	1998
1924	1991
1925	1984
1926	1997
1927	2013
1928	2011
1929	2009
1930	2012
1931	2015
1932	2019
1933	2019
1934	2019
1935	2022
1936	2028
1937	2031
1938	2027
1939	2029
1940	2039
1941	2049
1942	2057
1943	2057
1944	2051
1945	2049
1946	2055
1947	2059
1948	2061
1949	2055
1950	2051
1951	2044
1952	2048
1953	2058
1954	2049
1955	2045
1956	2046
1957	2043
1958	2044
1959	2048
1960	2051
1961	2056
1962	2055
1963	2059
1964	2066
1965	2074
1966	2087
1967	2098
1968	2100
1969	2088
1970	2078
1971	2071
1972	2066
1973	2060
1974	2048
1975	2040
1976	2036
1977	2033
1978	2039
1979	2048
1980	2041
1981	2034
1982	1980
1983	1888
1984	1926
1985	2268
1986	2911
1987	3230
1988	2678
1989	2001
1990	1859
1991	1948
1992	1993
1993	1990
1994	1985
1995	1995
1996	2005
1997	2013
1998	2026
1999	2031
2000	2029
2001	2031
2002	2047
2003	2054
2004	2053
2005	2062
2006	2069
2007	2075
2008	2094
2009	2098
2010	2097
2011	2111
2012	2125
2013	2134
2014	2140
2015	2159
2016	2177
2017	2185
2018	2204
2019	2216
2020	2220
2021	2238
2022	2255
2023	2262
2024	2261
2025	2240
2026	2199
2027	2154
2028	2105
2029	2070
2030	2044
2031	2027
2032	2015
2033	2004
2034	2006
2035	2008
2036	2011
2037	2012
2038	2015
2039	2021
2040	2022
2041	2023
2042	2026
2043	2031
2044	2033
2045	2031
2046	2031
2047	2036
2048	2036
2049	2034
2050	2033
2051	2030
2052	2034
2053	2039
2054	2039
2055	2040
2056	2042
2057	2041
2058	2034
2059	2035
2060	2042
2061	2045
2062	2045
2063	2057
2064	2058
2065	2053
2066	2061
2067	2064
2068	2057
2069	2057
2070	2057
2071	2057
2072	2057
2073	2072
2074	2089
2075	2090
2076	2096
2077	2109
2078	2103
2079	2090
2080	2085
2081	2066
2082	2055
2083	2056
2084	2051
2085	2043
2086	2045
2087	2049
2088	2047
2089	2046
2090	2040
2091	2033
2092	1962
2093	1896
2094	2062
2095	2516
2096	3045
2097	2914
2098	2184
2099	1827
2100	1802
2101	1861
2102	1963
2103	1990
2104	1994
2105	1996
2106	2007
2107	2021
2108	2028
2109	2031
2110	2042
2111	2047
2112	2049
2113	2051
2114	2054
2115	2060
2116	2067
2117	2070
2118	2075
2119	2084
2120	2088
2121	2097
2122	2099
2123	2095
2124	2098
2125	2104
2126	2114
2127	2120
2128	2127
2129	2135
2130	2151
2131	2172
2132	2177
2133	2195
2134	2204
2135	2191
2136	2165
2137	2118
2138	2060
2139	2013
2140	1973
2141	1945
2142	1926
2143	1915
2144	1911
2145	1915
2146	1931
2147	1945
2148	1951
2149	1961
